3 053 074 028 080 079 006 063 057 014
3 061 059 022 063 063 017 084 077 022
3 065 057 016 082 077 009 061 068 058
3 065 057 023 080 076 017 069 067 049
3 066 059 018 059 068 051 060 059 018
3 048 078 022 059 069 050 079 077 012
3 081 076 006 065 061 019 050 077 006
3 051 078 016 067 061 019 065 056 022
3 059 069 051 079 077 011 064 063 017
3 066 068 055 074 060 038 061 055 017
2 067 056 019 081 076 008
2 064 059 021 065 054 017
2 063 061 020 075 069 041
2 062 058 020 060 069 059
2 065 069 054 067 059 019
2 065 056 015 068 061 018
2 061 061 019 063 055 015
2 064 059 015 058 063 039
2 064 058 017 063 054 021
2 062 061 021 067 057 016
2 062 056 022 063 061 015
2 079 079 005 065 055 018
2 061 058 016 066 060 015
2 061 055 018 050 080 009
2 065 058 013 065 069 064
2 062 059 016 068 057 020
2 061 059 019 064 055 016
2 067 056 017 060 059 018
2 084 077 021 062 057 015
2 073 060 039 066 055 018
2 053 079 011 050 073 029
2 064 056 014 074 059 039
2 063 056 018 052 078 005
2 051 081 006 061 057 019
2 061 058 020 069 057 019
2 064 070 064 062 057 019
2 053 075 028 060 057 021
2 062 055 016 081 075 029
2 049 077 021 052 074 029
2 068 056 022 054 078 005
2 047 078 022 068 056 018
2 068 056 022 081 075 008
2 063 059 020 068 058 016
2 068 058 021 061 056 020
2 065 061 021 069 066 049
2 069 057 021 067 063 017
2 060 060 020 067 069 059
2 063 062 018 061 056 016
2 065 056 018 065 068 058
2 064 062 018 068 057 020
2 064 054 019 067 060 017
2 066 062 019 064 055 015
2 060 058 020 069 059 018
2 078 074 028 062 055 020
2 079 077 006 064 062 019
2 065 061 017 067 055 020
2 062 060 015 065 055 020
2 064 058 015 064 063 019
2 050 080 009 065 059 021
2 067 055 018 064 058 021
1 081 079 005
1 052 079 005
1 053 078 006
1 051 080 006
1 051 078 012
1 066 059 014
1 066 057 014
1 063 057 015
1 067 060 015
1 065 058 015
1 066 056 015
1 065 057 015
1 067 056 015
1 063 056 015
1 063 058 016
1 064 062 016
1 067 062 016
1 065 061 016
1 061 060 016
1 062 059 016
1 065 058 016
1 062 057 016
1 066 059 016
1 060 060 016
1 065 062 016
1 063 055 017
1 066 055 017
1 066 058 017
1 067 061 017
1 062 056 017
1 064 061 017
1 065 057 017
1 064 060 017
1 064 055 017
1 067 057 018
1 068 061 018
1 062 062 018
1 062 060 018
1 066 060 018
1 052 078 018
1 060 057 018
1 062 057 018
1 067 057 018
1 062 054 018
1 066 058 018
1 064 057 018
1 064 058 018
1 065 059 018
1 064 059 018
1 063 057 018
1 062 056 018
1 062 060 019
1 067 060 019
1 063 058 019
1 067 058 019
1 065 058 019
1 065 060 019
1 064 054 019
1 062 060 019
1 064 057 020
1 066 059 020
1 066 061 020
1 063 057 020
1 066 057 020
1 060 059 020
1 062 062 020
1 067 058 021
1 062 054 021
1 063 055 021
1 066 058 021
1 064 056 021
1 066 055 021
1 061 059 021
1 062 058 021
1 067 060 021
1 064 056 021
1 063 056 021
1 084 076 021
1 066 058 022
1 064 054 022
1 067 058 022
1 066 060 022
1 065 060 023
1 063 056 023
1 064 060 023
1 051 074 030
1 074 068 039
1 056 071 040
1 065 069 065
1 062 069 066
