3 053 053 028 080 048 006 063 070 014
3 061 068 022 063 064 017 084 050 022
3 065 070 016 082 050 009 061 059 058
3 065 070 023 080 051 017 069 060 049
3 066 068 018 059 059 051 060 068 018
3 048 049 022 059 058 050 079 050 012
3 081 051 006 065 066 019 050 050 006
3 051 049 016 067 066 019 065 071 022
3 059 058 051 079 050 011 064 064 017
3 066 059 055 074 067 038 061 072 017
2 067 071 019 081 051 008
2 064 068 021 065 073 017
2 063 066 020 075 058 041
2 062 069 020 060 058 059
2 065 058 054 067 068 019
2 065 071 015 068 066 018
2 061 066 019 063 072 015
2 064 068 015 058 064 039
2 064 069 017 063 073 021
2 062 066 021 067 070 016
2 062 071 022 063 066 015
2 079 048 005 065 072 018
2 061 069 016 066 067 015
2 061 072 018 050 047 009
2 065 069 013 065 058 064
2 062 068 016 068 070 020
2 061 068 019 064 072 016
2 067 071 017 060 068 018
2 084 050 021 062 070 015
2 073 067 039 066 072 018
2 053 048 011 050 054 029
2 064 071 014 074 068 039
2 063 071 018 052 049 005
2 051 046 006 061 070 019
2 061 069 020 069 070 019
2 064 057 064 062 070 019
2 053 052 028 060 070 021
2 062 072 016 081 052 029
2 049 050 021 052 053 029
2 068 071 022 054 049 005
2 047 049 022 068 071 018
2 068 071 022 081 052 008
2 063 068 020 068 069 016
2 068 069 021 061 071 020
2 065 066 021 069 061 049
2 069 070 021 067 064 017
2 060 067 020 067 058 059
2 063 065 018 061 071 016
2 065 071 018 065 059 058
2 064 065 018 068 070 020
2 064 073 019 067 067 017
2 066 065 019 064 072 015
2 060 069 020 069 068 018
2 078 053 028 062 072 020
2 079 050 006 064 065 019
2 065 066 017 067 072 020
2 062 067 015 065 072 020
2 064 069 015 064 064 019
2 050 047 009 065 068 021
2 067 072 018 064 069 021
1 081 048 005
1 052 048 005
1 053 049 006
1 051 047 006
1 051 049 012
1 066 068 014
1 066 070 014
1 063 070 015
1 067 067 015
1 065 069 015
1 066 071 015
1 065 070 015
1 067 071 015
1 063 071 015
1 063 069 016
1 064 065 016
1 067 065 016
1 065 066 016
1 061 067 016
1 062 068 016
1 065 069 016
1 062 070 016
1 066 068 016
1 060 067 016
1 065 065 016
1 063 072 017
1 066 072 017
1 066 069 017
1 067 066 017
1 062 071 017
1 064 066 017
1 065 070 017
1 064 067 017
1 064 072 017
1 067 070 018
1 068 066 018
1 062 065 018
1 062 067 018
1 066 067 018
1 052 049 018
1 060 070 018
1 062 070 018
1 067 070 018
1 062 073 018
1 066 069 018
1 064 070 018
1 064 069 018
1 065 068 018
1 064 068 018
1 063 070 018
1 062 071 018
1 062 067 019
1 067 067 019
1 063 069 019
1 067 069 019
1 065 069 019
1 065 067 019
1 064 073 019
1 062 067 019
1 064 070 020
1 066 068 020
1 066 066 020
1 063 070 020
1 066 070 020
1 060 068 020
1 062 065 020
1 067 069 021
1 062 073 021
1 063 072 021
1 066 069 021
1 064 071 021
1 066 072 021
1 061 068 021
1 062 069 021
1 067 067 021
1 064 071 021
1 063 071 021
1 084 051 021
1 066 069 022
1 064 073 022
1 067 069 022
1 066 067 022
1 065 067 023
1 063 071 023
1 064 067 023
1 051 053 030
1 074 059 039
1 056 056 040
1 065 058 065
1 062 058 066
